3d_params:
  domain:
    start: -1.0
    end: 1.0
    points: 80
  
  time:
    final: 1.0
    cfl: 0.9
    method: "RKAB"

  id-type: "standing"

  noise:
    seed: 100
    range: 1.0e-7

  standing-wave:
    A: 1.0
    kx: 1.0
    ky: 1.0
    kz: 1.0

  boundary-type: "periodic"
  derivative-order: 4

  RKAB-coeffs:
    c1: 0.3736646857963324
    c2: 0.03127973625120939
    c3: -0.14797683066152537
    c4: 0.33238257148754524
    c5: -0.0010981891892632696
    c6: -0.0547559191353386
    c7: 2.754535159970365
    c8: 3.414713672966062

  output: 3d_output.h5